Buy,RTN,Raytheon Company Common ,25.078
