Buy,CAH,Cardinal Health Inc. Common St ,17.2711
Buy,UNH,UnitedHealth Group Incorporated ,17.8126
Buy,PRGO,Perrigo Company ,20.1941
Buy,MCK,McKesson Corporation Common Sto ,20.9544
Buy,ANTM,Anthem Inc. Common,22.4231
Buy,CMG,Chipotle Mexican Grill Inc. Co ,27.9683
