Sell,WMB,Williams Companies Inc. (The)  ,72.9644
